22 serialization::archive 12 1 0
0 6 global 7 0 0.00000000000000000e+00 0.00000000000000000e+00 3.00000000000000000e+03 0.00000000000000000e+00 0.00000000000000000e+00 0.00000000000000000e+00 1.00000000000000000e+00 7 0 0 1 2 3 4 5 6 11 0  0 0 1 1 0 1 0
1 4 Tm2s 16 0 1.00000000000000000e+00 0.00000000000000000e+00 0.00000000000000000e+00 0.00000000000000000e+00 0.00000000000000000e+00 1.00000000000000000e+00 0.00000000000000000e+00 0.00000000000000000e+00 0.00000000000000000e+00 0.00000000000000000e+00 1.00000000000000000e+00 0.00000000000000000e+00 0.00000000000000000e+00 0.00000000000000000e+00 0.00000000000000000e+00 1.00000000000000000e+00 16 0 -1 -1 -1 -1 -1 -1 -1 -1 -1 -1 -1 -1 -1 -1 -1 -1 9 0  1 1 0
2 6 hand.R 16 0 9.94069755077362061e-01 -4.00644391775131226e-02 1.01095229387283325e-01 0.00000000000000000e+00 -1.01503036916255951e-01 -8.27347207814455032e-03 9.94800746440887451e-01 0.00000000000000000e+00 -3.90197075903415680e-02 -9.99162793159484863e-01 -1.22909257188439369e-02 0.00000000000000000e+00 -7.45058059692382812e-06 1.86264514923095703e-06 -6.98491930961608887e-07 1.00000000000000000e+00 16 0 -1 -1 -1 -1 -1 -1 -1 -1 -1 -1 -1 -1 -1 -1 -1 -1 9 0  6 1 0
3 10 hand.R_m2b 16 0 9.94069695472717285e-01 -1.01503036916255951e-01 -3.90197299420833588e-02 -0.00000000000000000e+00 -4.00644056499004364e-02 -8.27333237975835800e-03 -9.99162912368774414e-01 0.00000000000000000e+00 1.01095244288444519e-01 9.94800925254821777e-01 -1.22910719364881516e-02 -0.00000000000000000e+00 7.55163664933888867e-06 -4.59857776857752754e-08 1.56178114885108243e-06 1.00000000000000000e+00 16 0 -1 -1 -1 -1 -1 -1 -1 -1 -1 -1 -1 -1 -1 -1 -1 -1 9 57 /home/padeler/work/LevmarIK/model/hand_left_skinned.bmesh 0 1 0
4 12 f_pinky.01.R 16 0 9.28546071052551270e-01 -3.65002840757369995e-01 -6.76402524113655090e-02 0.00000000000000000e+00 3.71188044548034668e-01 9.15217459201812744e-01 1.56833380460739136e-01 0.00000000000000000e+00 4.66090999543666840e-03 -1.70734286308288574e-01 9.85306084156036377e-01 0.00000000000000000e+00 3.99274937808513641e+01 7.03901946544647217e+01 -2.20289453864097595e+00 1.00000000000000000e+00 16 0 -1 -1 -1 -1 -1 -1 -1 -1 -1 -1 -1 -1 -1 -1 -1 -1 9 0  1 1 0
5 16 f_pinky.01.R_rot 3 0 3.72528994319054618e-08 0.00000000000000000e+00 -1.49011611938476562e-08 3 0 7 -1 8 1 0  2 1 0
6 16 f_pinky.01.R_m2b 16 0 9.62727665901184082e-01 2.69969761371612549e-01 -1.64830572903156281e-02 -0.00000000000000000e+00 3.34017798304557800e-02 -1.79145425558090210e-01 -9.83255565166473389e-01 0.00000000000000000e+00 -2.68402159214019775e-01 9.46056663990020752e-01 -1.81485876441001892e-01 -0.00000000000000000e+00 -1.15308947861194611e+01 -7.88974314928054810e+01 1.40024460852146149e+01 1.00000000000000000e+00 16 0 -1 -1 -1 -1 -1 -1 -1 -1 -1 -1 -1 -1 -1 -1 -1 -1 9 57 /home/padeler/work/LevmarIK/model/hand_left_skinned.bmesh 0 1 0
7 12 f_pinky.02.R 16 0 9.87331271171569824e-01 3.33260409533977509e-02 -1.55133843421936035e-01 0.00000000000000000e+00 -1.23157622292637825e-02 9.90840911865234375e-01 1.34471490979194641e-01 0.00000000000000000e+00 1.58194333314895630e-01 -1.30857318639755249e-01 9.78698611259460449e-01 0.00000000000000000e+00 1.39698386192321777e-06 2.28805392980575562e+01 3.49245965480804443e-07 1.00000000000000000e+00 16 0 -1 -1 -1 -1 -1 -1 -1 -1 -1 -1 -1 -1 -1 -1 -1 -1 9 0  1 1 0
8 16 f_pinky.02.R_rot 3 0 2.23517417907714844e-08 -2.98023223876953125e-08 0.00000000000000000e+00 3 0 9 -1 -1 1 0  2 1 0
9 16 f_pinky.02.R_m2b 16 0 9.62085008621215820e-01 2.53423869609832764e-01 1.00838601589202881e-01 -0.00000000000000000e+00 1.79544568061828613e-01 -3.10135841369628906e-01 -9.33584332466125488e-01 0.00000000000000000e+00 -2.05318868160247803e-01 9.16292548179626465e-01 -3.43878090381622314e-01 -0.00000000000000000e+00 -1.69489234685897827e+01 -9.88208428025245667e+01 2.51984409987926483e+01 1.00000000000000000e+00 16 0 -1 -1 -1 -1 -1 -1 -1 -1 -1 -1 -1 -1 -1 -1 -1 -1 9 57 /home/padeler/work/LevmarIK/model/hand_left_skinned.bmesh 0 1 0
10 12 f_pinky.03.R 16 0 9.72030460834503174e-01 -1.30221620202064514e-02 -2.34493568539619446e-01 0.00000000000000000e+00 2.11357772350311279e-02 9.99260485172271729e-01 3.21207121014595032e-02 0.00000000000000000e+00 2.33901858329772949e-01 -3.61784622073173523e-02 9.71586942672729492e-01 0.00000000000000000e+00 -4.65661287307739258e-06 1.50977233424782753e+01 -2.79396772384643555e-06 1.00000000000000000e+00 16 0 -1 -1 -1 -1 -1 -1 -1 -1 -1 -1 -1 -1 -1 -1 -1 -1 9 0  1 1 0
11 16 f_pinky.03.R_rot 3 0 0.00000000000000000e+00 5.96046376699632674e-08 1.49011594174908168e-08 3 0 10 -1 -1 1 0  2 1 0
12 16 f_pinky.03.R_m2b 16 0 9.08229827880859375e-01 2.76809900999069214e-01 3.13838422298431396e-01 -0.00000000000000000e+00 3.97480905055999756e-01 -3.36099028587341309e-01 -8.53842139244079590e-01 0.00000000000000000e+00 -1.30871132016181946e-01 9.00229811668395996e-01 -4.15281951427459717e-01 -0.00000000000000000e+00 -2.09002755582332611e+01 -1.13383159041404724e+02 2.46394909918308258e+01 1.00000000000000000e+00 16 0 -1 -1 -1 -1 -1 -1 -1 -1 -1 -1 -1 -1 -1 -1 -1 -1 9 57 /home/padeler/work/LevmarIK/model/hand_left_skinned.bmesh 0 1 0
13 16 f_pinky.03.R.004 16 0 9.08230066299438477e-01 2.76809960603713989e-01 3.13838571310043335e-01 0.00000000000000000e+00 -1.30871117115020752e-01 9.00229811668395996e-01 -4.15281951427459717e-01 0.00000000000000000e+00 -3.97480994462966919e-01 3.36099088191986084e-01 8.53842079639434814e-01 0.00000000000000000e+00 -3.25962901115417480e-06 1.94368325173854828e+01 -1.86264514923095703e-06 1.00000000000000000e+00 16 0 -1 -1 -1 -1 -1 -1 -1 -1 -1 -1 -1 -1 -1 -1 -1 -1 9 0  1 1 0
14 20 f_pinky.03.R.004_m2b 16 0 9.99999761581420898e-01 2.98023223876953125e-08 -5.96046305645359098e-08 -0.00000000000000000e+00 -8.94069458468038647e-08 8.94069671630859375e-08 -1.00000000000000000e+00 0.00000000000000000e+00 -1.49011576411339774e-08 1.00000000000000000e+00 8.88178207941888419e-16 -0.00000000000000000e+00 -4.80153150856494904e+01 -1.27065598964691162e+02 -1.52949830517172813e+01 1.00000000000000000e+00 16 0 -1 -1 -1 -1 -1 -1 -1 -1 -1 -1 -1 -1 -1 -1 -1 -1 9 57 /home/padeler/work/LevmarIK/model/hand_left_skinned.bmesh 0 1 0
15 13 f_middle.01.R 16 0 9.44843292236328125e-01 -1.45251438021659851e-01 -2.93553084135055542e-01 0.00000000000000000e+00 1.52552872896194458e-01 9.88293230533599854e-01 2.00149021111428738e-03 0.00000000000000000e+00 2.89825826883316040e-01 -4.66734580695629120e-02 9.55940663814544678e-01 0.00000000000000000e+00 1.23689812608063221e+00 8.80728736519813538e+01 -1.90390134230256081e+00 1.00000000000000000e+00 16 0 -1 -1 -1 -1 -1 -1 -1 -1 -1 -1 -1 -1 -1 -1 -1 -1 9 0  1 1 0
16 17 f_middle.01.R_rot 3 0 0.00000000000000000e+00 0.00000000000000000e+00 0.00000000000000000e+00 3 0 11 -1 12 1 0  2 1 0
17 17 f_middle.01.R_m2b 16 0 9.65437769889831543e-01 5.12553378939628601e-02 2.55544006824493408e-01 -0.00000000000000000e+00 2.56654441356658936e-01 -1.62882301956415176e-02 -9.66366052627563477e-01 0.00000000000000000e+00 -4.53690029680728912e-02 9.98552918434143066e-01 -2.88803242146968842e-02 -0.00000000000000000e+00 1.10651450231671333e+01 -8.72267261147499084e+01 5.57220121845602989e+00 1.00000000000000000e+00 16 0 -1 -1 -1 -1 -1 -1 -1 -1 -1 -1 -1 -1 -1 -1 -1 -1 9 57 /home/padeler/work/LevmarIK/model/hand_left_skinned.bmesh 0 1 0
18 13 f_middle.02.R 16 0 9.85155642032623291e-01 1.23416371643543243e-01 -1.19318604469299316e-01 0.00000000000000000e+00 -1.02014616131782532e-01 9.79924380779266357e-01 1.71293005347251892e-01 0.00000000000000000e+00 1.38063594698905945e-01 -1.56578004360198975e-01 9.77968275547027588e-01 0.00000000000000000e+00 -5.52972778677940369e-07 3.38882356882095337e+01 -2.91038304567337036e-07 1.00000000000000000e+00 16 0 -1 -1 -1 -1 -1 -1 -1 -1 -1 -1 -1 -1 -1 -1 -1 -1 9 0  1 1 0
19 17 f_middle.02.R_rot 3 0 0.00000000000000000e+00 0.00000000000000000e+00 0.00000000000000000e+00 3 0 13 -1 -1 1 0  2 1 0
20 17 f_middle.02.R_m2b 16 0 9.26940977573394775e-01 -4.48950426653027534e-03 3.75180244445800781e-01 -0.00000000000000000e+00 3.66139769554138184e-01 -2.07675471901893616e-01 -9.07090246677398682e-01 0.00000000000000000e+00 8.19882079958915710e-02 9.78187680244445801e-01 -1.90859273076057434e-01 -0.00000000000000000e+00 -4.71154693514108658e+00 -1.18857830762863159e+02 2.59410664439201355e+01 1.00000000000000000e+00 16 0 -1 -1 -1 -1 -1 -1 -1 -1 -1 -1 -1 -1 -1 -1 -1 -1 9 57 /home/padeler/work/LevmarIK/model/hand_left_skinned.bmesh 0 1 0
21 13 f_middle.03.R 16 0 9.75227475166320801e-01 -2.55289170891046524e-02 2.19726935029029846e-01 0.00000000000000000e+00 2.41801124066114426e-02 9.99668776988983154e-01 8.82619712501764297e-03 0.00000000000000000e+00 -2.19879418611526489e-01 -3.29451705329120159e-03 9.75521564483642578e-01 0.00000000000000000e+00 -1.16415321826934814e-06 2.65811067074537277e+01 -3.49245965480804443e-06 1.00000000000000000e+00 16 0 -1 -1 -1 -1 -1 -1 -1 -1 -1 -1 -1 -1 -1 -1 -1 -1 9 0  1 1 0
22 17 f_middle.03.R_rot 3 0 -2.23517382380578056e-08 0.00000000000000000e+00 -2.98023188349816337e-08 3 0 14 -1 -1 1 0  2 1 0
23 17 f_middle.03.R_m2b 16 0 9.86529886722564697e-01 2.12369300425052643e-02 1.62195935845375061e-01 -0.00000000000000000e+00 1.63059100508689880e-01 -2.06759497523307800e-01 -9.64708387851715088e-01 0.00000000000000000e+00 1.30481552332639694e-02 9.78161394596099854e-01 -2.07437485456466675e-01 -0.00000000000000000e+00 4.81801945716142654e+00 -1.45275712013244629e+02 2.68211942166090012e+01 1.00000000000000000e+00 16 0 -1 -1 -1 -1 -1 -1 -1 -1 -1 -1 -1 -1 -1 -1 -1 -1 9 57 /home/padeler/work/LevmarIK/model/hand_left_skinned.bmesh 0 1 0
24 17 f_middle.03.R.001 16 0 9.86530125141143799e-01 2.12369058281183243e-02 1.62195980548858643e-01 0.00000000000000000e+00 1.30481496453285217e-02 9.78161215782165527e-01 -2.07437440752983093e-01 0.00000000000000000e+00 -1.63059115409851074e-01 2.06759616732597351e-01 9.64708387851715088e-01 0.00000000000000000e+00 -8.14907252788543701e-07 2.59108319878578186e+01 2.50292941927909851e-06 1.00000000000000000e+00 16 0 -1 -1 -1 -1 -1 -1 -1 -1 -1 -1 -1 -1 -1 -1 -1 -1 9 0  1 1 0
25 21 f_middle.03.R.001_m2b 16 0 9.99999821186065674e-01 2.98023223876953125e-08 -4.44089209850062616e-16 -0.00000000000000000e+00 -1.49011585293123971e-08 1.19209317972490680e-07 -1.00000000000000000e+00 0.00000000000000000e+00 -2.22044604925031308e-16 1.00000023841857910e+00 -1.49011647465613351e-08 -0.00000000000000000e+00 5.46793732792139053e+00 -1.72948926687240601e+02 -1.03054605424404144e+01 1.00000000000000000e+00 16 0 -1 -1 -1 -1 -1 -1 -1 -1 -1 -1 -1 -1 -1 -1 -1 -1 9 57 /home/padeler/work/LevmarIK/model/hand_left_skinned.bmesh 0 1 0
26 11 f_ring.01.R 16 0 8.96658778190612793e-01 -2.98955142498016357e-01 -3.26540619134902954e-01 0.00000000000000000e+00 3.11469584703445435e-01 9.50143873691558838e-01 -1.46029610186815262e-02 0.00000000000000000e+00 3.14626157283782959e-01 -8.86135846376419067e-02 9.45070385932922363e-01 0.00000000000000000e+00 2.10528690367937088e+01 8.04450139403343201e+01 -3.89283918775618076e+00 1.00000000000000000e+00 16 0 -1 -1 -1 -1 -1 -1 -1 -1 -1 -1 -1 -1 -1 -1 -1 -1 9 0  1 1 0
27 15 f_ring.01.R_rot 3 0 0.00000000000000000e+00 0.00000000000000000e+00 0.00000000000000000e+00 3 0 15 -1 16 1 0  2 1 0
28 15 f_ring.01.R_m2b 16 0 9.34427857398986816e-01 2.13749796152114868e-01 2.84878581762313843e-01 -0.00000000000000000e+00 2.92816489934921265e-01 -5.74896996840834618e-03 -9.56151485443115234e-01 0.00000000000000000e+00 -2.02739372849464417e-01 9.76871669292449951e-01 -6.79616034030914307e-02 -0.00000000000000000e+00 3.90104390680789948e+00 -8.30485150218009949e+01 4.18374827131628990e+00 1.00000000000000000e+00 16 0 -1 -1 -1 -1 -1 -1 -1 -1 -1 -1 -1 -1 -1 -1 -1 -1 9 57 /home/padeler/work/LevmarIK/model/hand_left_skinned.bmesh 0 1 0
29 11 f_ring.02.R 16 0 9.85014915466308594e-01 1.03135295212268829e-01 1.38234853744506836e-01 0.00000000000000000e+00 -1.27100035548210144e-01 9.75861608982086182e-01 1.77593961358070374e-01 0.00000000000000000e+00 -1.16581872105598450e-01 -1.92502319812774658e-01 9.74346756935119629e-01 0.00000000000000000e+00 -4.07453626394271851e-07 2.99394726753234863e+01 0.00000000000000000e+00 1.00000000000000000e+00 16 0 -1 -1 -1 -1 -1 -1 -1 -1 -1 -1 -1 -1 -1 -1 -1 -1 9 0  1 1 0
30 15 f_ring.02.R_rot 3 0 -1.49011611938476562e-08 7.45058059692382812e-09 -1.49011611938476562e-08 3 0 17 -1 -1 1 0  2 1 0
31 15 f_ring.02.R_m2b 16 0 9.81850564479827881e-01 1.40417113900184631e-01 1.27485811710357666e-01 -0.00000000000000000e+00 1.55662223696708679e-01 -2.12633892893791199e-01 -9.64653432369232178e-01 0.00000000000000000e+00 -1.08346007764339447e-01 9.66990232467651367e-01 -2.30632513761520386e-01 -0.00000000000000000e+00 -7.23212165758013725e+00 -1.10013470053672791e+02 2.53720805048942566e+01 1.00000000000000000e+00 16 0 -1 -1 -1 -1 -1 -1 -1 -1 -1 -1 -1 -1 -1 -1 -1 -1 9 57 /home/padeler/work/LevmarIK/model/hand_left_skinned.bmesh 0 1 0
32 11 f_ring.03.R 16 0 9.90363180637359619e-01 -5.41466474533081055e-02 -1.27470746636390686e-01 0.00000000000000000e+00 5.50017878413200378e-02 9.98481094837188721e-01 3.19544970989227295e-03 0.00000000000000000e+00 1.27104073762893677e-01 -1.01757533848285675e-02 9.91837263107299805e-01 0.00000000000000000e+00 1.16415321826934814e-06 2.51962766051292419e+01 -1.62981450557708740e-06 1.00000000000000000e+00 16 0 -1 -1 -1 -1 -1 -1 -1 -1 -1 -1 -1 -1 -1 -1 -1 -1 9 0  1 1 0
33 15 f_ring.03.R_rot 3 0 1.49011611938476562e-08 7.45058059692382812e-09 0.00000000000000000e+00 3 0 18 -1 -1 1 0  2 1 0
34 15 f_ring.03.R_m2b 16 0 9.48534965515136719e-01 1.94614738225936890e-01 2.49813556671142578e-01 -0.00000000000000000e+00 2.88640618324279785e-01 -2.06831723451614380e-01 -9.34830009937286377e-01 0.00000000000000000e+00 -1.30262315273284912e-01 9.58825409412384033e-01 -2.52360969781875610e-01 -0.00000000000000000e+00 -3.07547207921743393e+00 -1.35321095585823059e+02 2.56216060370206833e+01 1.00000000000000000e+00 16 0 -1 -1 -1 -1 -1 -1 -1 -1 -1 -1 -1 -1 -1 -1 -1 -1 9 57 /home/padeler/work/LevmarIK/model/hand_left_skinned.bmesh 0 1 0
35 15 f_ring.03.R.001 16 0 9.48534905910491943e-01 1.94614693522453308e-01 2.49813526868820190e-01 0.00000000000000000e+00 -1.30262285470962524e-01 9.58825170993804932e-01 -2.52360910177230835e-01 0.00000000000000000e+00 -2.88640618324279785e-01 2.06831842660903931e-01 9.34830009937286377e-01 0.00000000000000000e+00 -1.62981450557708740e-06 2.60439869016408920e+01 3.25962901115417480e-06 1.00000000000000000e+00 16 0 -1 -1 -1 -1 -1 -1 -1 -1 -1 -1 -1 -1 -1 -1 -1 -1 9 0  1 1 0
36 19 f_ring.03.R.001_m2b 16 0 1.00000011920928955e+00 2.98023294931226701e-08 2.98023259404089913e-08 -0.00000000000000000e+00 1.49011629702044957e-08 1.19209317972490680e-07 -1.00000000000000000e+00 0.00000000000000000e+00 0.00000000000000000e+00 1.00000023841857910e+00 0.00000000000000000e+00 -0.00000000000000000e+00 -2.79205814003944397e+01 -1.60786166787147522e+02 -8.53588711470365524e+00 1.00000000000000000e+00 16 0 -1 -1 -1 -1 -1 -1 -1 -1 -1 -1 -1 -1 -1 -1 -1 -1 9 57 /home/padeler/work/LevmarIK/model/hand_left_skinned.bmesh 0 1 0
37 10 thumb.01.R 16 0 5.18561780452728271e-01 8.09060394763946533e-01 -2.76613771915435791e-01 0.00000000000000000e+00 -5.48799932003021240e-01 5.63015460968017578e-01 6.17925763130187988e-01 0.00000000000000000e+00 6.55677020549774170e-01 -1.68627083301544189e-01 7.35970556735992432e-01 0.00000000000000000e+00 -2.49536503106355667e+01 2.45662443339824677e+01 4.44448832422494888e+00 1.00000000000000000e+00 16 0 -1 -1 -1 -1 -1 -1 -1 -1 -1 -1 -1 -1 -1 -1 -1 -1 9 0  1 1 0
38 14 thumb.01.R_rot 3 0 0.00000000000000000e+00 0.00000000000000000e+00 0.00000000000000000e+00 3 0 19 -1 20 1 0  2 1 0
39 14 thumb.01.R_m2b 16 0 4.44157898426055908e-01 -6.26804471015930176e-01 6.40187442302703857e-01 -0.00000000000000000e+00 2.48912692070007324e-01 -6.00079178810119629e-01 -7.60228633880615234e-01 0.00000000000000000e+00 8.60677897930145264e-01 4.97012257575988770e-01 -1.10510408878326416e-01 -0.00000000000000000e+00 -5.70615287870168686e+00 -3.02721057087182999e+01 1.72330625355243683e+01 1.00000000000000000e+00 16 0 -1 -1 -1 -1 -1 -1 -1 -1 -1 -1 -1 -1 -1 -1 -1 -1 9 57 /home/padeler/work/LevmarIK/model/hand_left_skinned.bmesh 0 1 0
40 10 thumb.02.R 16 0 5.18783330917358398e-01 -3.22493493556976318e-01 -7.91746079921722412e-01 0.00000000000000000e+00 3.33420962095260620e-01 9.29106771945953369e-01 -1.59972548484802246e-01 0.00000000000000000e+00 7.87206768989562988e-01 -1.80993646383285522e-01 5.89531302452087402e-01 0.00000000000000000e+00 -4.65661287307739258e-06 3.16911004483699799e+01 -1.39698386192321777e-06 1.00000000000000000e+00 16 0 -1 -1 -1 -1 -1 -1 -1 -1 -1 -1 -1 -1 -1 -1 -1 -1 9 0  1 1 0
41 14 thumb.02.R_rot 3 0 0.00000000000000000e+00 0.00000000000000000e+00 0.00000000000000000e+00 3 0 21 -1 -1 1 0  2 1 0
42 14 thumb.02.R_m2b 16 0 -7.43037387728691101e-02 -5.36688983440399170e-01 8.40501904487609863e-01 -0.00000000000000000e+00 9.24561321735382080e-01 -3.52929145097732544e-01 -1.43622145056724548e-01 0.00000000000000000e+00 3.73718351125717163e-01 7.66424059867858887e-01 5.22425889968872070e-01 -0.00000000000000000e+00 3.37826600298285484e+00 -6.22297860682010651e+01 1.68824512511491776e+01 1.00000000000000000e+00 16 0 -1 -1 -1 -1 -1 -1 -1 -1 -1 -1 -1 -1 -1 -1 -1 -1 9 57 /home/padeler/work/LevmarIK/model/hand_left_skinned.bmesh 0 1 0
43 10 thumb.03.R 16 0 9.99760568141937256e-01 1.63592062890529633e-02 1.45249031484127045e-02 0.00000000000000000e+00 -1.73584558069705963e-02 9.97284233570098877e-01 7.15730041265487671e-02 0.00000000000000000e+00 -1.33145526051521301e-02 -7.18079805374145508e-02 9.97329473495483398e-01 0.00000000000000000e+00 4.65661287307739258e-07 3.81900556385517120e+01 2.79396772384643555e-06 1.00000000000000000e+00 16 0 -1 -1 -1 -1 -1 -1 -1 -1 -1 -1 -1 -1 -1 -1 -1 -1 9 0  1 1 0
44 14 thumb.03.R_rot 3 0 0.00000000000000000e+00 0.00000000000000000e+00 0.00000000000000000e+00 3 0 22 -1 -1 1 0  2 1 0
45 14 thumb.03.R_m2b 16 0 -7.08575695753097534e-02 -4.73784536123275757e-01 8.77785503864288330e-01 -0.00000000000000000e+00 9.16480481624603271e-01 -3.78299236297607422e-01 -1.30205646157264709e-01 0.00000000000000000e+00 3.93755197525024414e-01 7.95247137546539307e-01 4.61019605398178101e-01 -0.00000000000000000e+00 1.97988795116543770e+00 -9.89974588155746460e+01 2.40033362060785294e+01 1.00000000000000000e+00 16 0 -1 -1 -1 -1 -1 -1 -1 -1 -1 -1 -1 -1 -1 -1 -1 -1 9 57 /home/padeler/work/LevmarIK/model/hand_left_skinned.bmesh 0 1 0
46 14 thumb.03.R.001 16 0 -7.08575546741485596e-02 -4.73784625530242920e-01 8.77785742282867432e-01 0.00000000000000000e+00 3.93755167722702026e-01 7.95247137546539307e-01 4.61019575595855713e-01 0.00000000000000000e+00 -9.16480243206024170e-01 3.78299236297607422e-01 1.30205780267715454e-01 0.00000000000000000e+00 -1.39698386192321777e-06 2.47499607503414154e+01 -1.39698386192321777e-06 1.00000000000000000e+00 16 0 -1 -1 -1 -1 -1 -1 -1 -1 -1 -1 -1 -1 -1 -1 -1 -1 9 0  1 1 0
47 18 thumb.03.R.001_m2b 16 0 9.99999821186065674e-01 -5.96046341172495886e-08 7.45058237328066753e-09 -0.00000000000000000e+00 1.11758716059284779e-07 1.37835769464800251e-07 -1.00000023841857910e+00 0.00000000000000000e+00 2.98023206113384731e-08 1.00000000000000000e+00 -3.72529100900464982e-08 -0.00000000000000000e+00 7.95590952038764954e+01 -8.65641757845878601e+01 -4.55027148127555847e+01 1.00000000000000000e+00 16 0 -1 -1 -1 -1 -1 -1 -1 -1 -1 -1 -1 -1 -1 -1 -1 -1 9 57 /home/padeler/work/LevmarIK/model/hand_left_skinned.bmesh 0 1 0
48 12 f_index.01.R 16 0 9.33493733406066895e-01 1.37373656034469604e-01 -3.31237047910690308e-01 0.00000000000000000e+00 -1.23981490731239319e-01 9.90387082099914551e-01 6.13371841609477997e-02 0.00000000000000000e+00 3.36478918790817261e-01 -1.61906220018863678e-02 9.41551864147186279e-01 0.00000000000000000e+00 -2.54517830908298492e+01 8.93787518143653870e+01 -2.10339366458356380e+00 1.00000000000000000e+00 16 0 -1 -1 -1 -1 -1 -1 -1 -1 -1 -1 -1 -1 -1 -1 -1 -1 9 0  1 1 0
49 16 f_index.01.R_rot 3 0 0.00000000000000000e+00 0.00000000000000000e+00 0.00000000000000000e+00 3 0 23 -1 24 1 0  2 1 0
50 16 f_index.01.R_m2b 16 0 9.26938712596893311e-01 -2.26166844367980957e-01 2.99387812614440918e-01 -0.00000000000000000e+00 2.92423278093338013e-01 -6.45123794674873352e-02 -9.54110383987426758e-01 0.00000000000000000e+00 2.35102444887161255e-01 9.71949934959411621e-01 6.33730273693799973e-03 -0.00000000000000000e+00 1.07840793207287788e+01 -9.15460810065269470e+01 1.19915427640080452e+01 1.00000000000000000e+00 16 0 -1 -1 -1 -1 -1 -1 -1 -1 -1 -1 -1 -1 -1 -1 -1 -1 9 57 /home/padeler/work/LevmarIK/model/hand_left_skinned.bmesh 0 1 0
51 12 f_index.02.R 16 0 9.79103147983551025e-01 -3.30032259225845337e-02 2.00668305158615112e-01 0.00000000000000000e+00 -7.73940235376358032e-03 9.79981899261474609e-01 1.98936447501182556e-01 0.00000000000000000e+00 -2.03216791152954102e-01 -1.96332350373268127e-01 9.59247887134552002e-01 0.00000000000000000e+00 2.47382558882236481e-07 2.68096104264259338e+01 -5.82076609134674072e-08 1.00000000000000000e+00 16 0 -1 -1 -1 -1 -1 -1 -1 -1 -1 -1 -1 -1 -1 -1 -1 -1 9 0  1 1 0
52 16 f_index.02.R_rot 3 0 -1.98342604562640190e-08 9.31322574615478516e-10 -9.31322574615478516e-10 3 0 25 -1 -1 1 0  2 1 0
53 16 f_index.02.R_m2b 16 0 9.75110471248626709e-01 -1.69254198670387268e-01 1.43221452832221985e-01 -0.00000000000000000e+00 9.69820171594619751e-02 -2.55291461944580078e-01 -9.61987912654876709e-01 0.00000000000000000e+00 1.99383765459060669e-01 9.51934456825256348e-01 -2.32522949576377869e-01 -0.00000000000000000e+00 1.68711673468351364e+01 -1.13684326410293579e+02 3.25484089553356171e+01 1.00000000000000000e+00 16 0 -1 -1 -1 -1 -1 -1 -1 -1 -1 -1 -1 -1 -1 -1 -1 -1 9 57 /home/padeler/work/LevmarIK/model/hand_left_skinned.bmesh 0 1 0
54 12 f_index.03.R 16 0 9.87482905387878418e-01 7.42267817258834839e-03 -1.57550588250160217e-01 0.00000000000000000e+00 -2.14019417762756348e-03 9.99430596828460693e-01 3.36720570921897888e-02 0.00000000000000000e+00 1.57710850238800049e-01 -3.29133756458759308e-02 9.86936748027801514e-01 0.00000000000000000e+00 1.62981450557708740e-06 2.40588970482349396e+01 2.79396772384643555e-06 1.00000000000000000e+00 16 0 -1 -1 -1 -1 -1 -1 -1 -1 -1 -1 -1 -1 -1 -1 -1 -1 9 0  1 1 0
55 16 f_index.03.R_rot 3 0 2.98023223876953125e-08 2.79396772384643555e-09 -9.31322574615478516e-10 3 0 26 -1 -1 1 0  2 1 0
56 16 f_index.03.R_m2b 16 0 9.39084172248840332e-01 -1.66422218084335327e-01 3.00706714391708374e-01 -0.00000000000000000e+00 2.45434939861297607e-01 -2.87745773792266846e-01 -9.25723493099212646e-01 0.00000000000000000e+00 2.40588128566741943e-01 9.43136215209960938e-01 -2.29371815919876099e-01 -0.00000000000000000e+00 1.05095468461513519e+01 -1.36604934930801392e+02 3.93175780773162842e+01 1.00000000000000000e+00 16 0 -1 -1 -1 -1 -1 -1 -1 -1 -1 -1 -1 -1 -1 -1 -1 -1 9 57 /home/padeler/work/LevmarIK/model/hand_left_skinned.bmesh 0 1 0
57 16 f_index.03.R.001 16 0 9.39084291458129883e-01 -1.66422232985496521e-01 3.00706773996353149e-01 0.00000000000000000e+00 2.40588113665580750e-01 9.43136036396026611e-01 -2.29371815919876099e-01 0.00000000000000000e+00 -2.45434865355491638e-01 2.87745952606201172e-01 9.25723433494567871e-01 0.00000000000000000e+00 -2.56113708019256592e-06 2.46616713702678680e+01 9.31322574615478516e-07 1.00000000000000000e+00 16 0 -1 -1 -1 -1 -1 -1 -1 -1 -1 -1 -1 -1 -1 -1 -1 -1 9 0  1 1 0
58 20 f_index.03.R.001_m2b 16 0 9.99999880790710449e-01 1.49011682992750139e-08 -2.98023170586247943e-08 -0.00000000000000000e+00 2.98023152822679549e-08 1.93715138152583677e-07 -1.00000000000000000e+00 0.00000000000000000e+00 -2.23517453434851632e-08 1.00000023841857910e+00 5.96046589862453402e-08 -0.00000000000000000e+00 4.85307611525058746e+01 -1.58586278557777405e+02 -1.25860227271914482e+01 1.00000000000000000e+00 16 0 -1 -1 -1 -1 -1 -1 -1 -1 -1 -1 -1 -1 -1 -1 -1 -1 9 57 /home/padeler/work/LevmarIK/model/hand_left_skinned.bmesh 0 1
