22 serialization::archive 12 1 0
0 6 hand.R 16 0 9.94069755077362061e-01 4.00644391775131226e-02 -1.01095229387283325e-01 0.00000000000000000e+00 1.01503036916255951e-01 -8.27347207814455032e-03 9.94800746440887451e-01 0.00000000000000000e+00 3.90197075903415680e-02 -9.99162793159484863e-01 -1.22909257188439369e-02 0.00000000000000000e+00 7.45058059692382812e-06 1.86264514923095703e-06 -6.98491930961608887e-07 1.00000000000000000e+00 16 0 -1 -1 -1 -1 -1 -1 -1 -1 -1 -1 -1 -1 -1 -1 -1 -1 9 0  0 0 5 1 0 1 0
1 12 f_pinky.01.R 16 0 9.28546071052551270e-01 3.65002810955047607e-01 6.76402822136878967e-02 0.00000000000000000e+00 -3.71188044548034668e-01 9.15217459201812744e-01 1.56833380460739136e-01 0.00000000000000000e+00 -4.66093607246875763e-03 -1.70734286308288574e-01 9.85306084156036377e-01 0.00000000000000000e+00 -3.99274937808513641e+01 7.03901946544647217e+01 -2.20289453864097595e+00 1.00000000000000000e+00 16 0 -1 -1 -1 -1 -1 -1 -1 -1 -1 -1 -1 -1 -1 -1 -1 -1 9 0  1 1 0
2 12 f_pinky.02.R 16 0 9.87331271171569824e-01 -3.33260521292686462e-02 1.55133932828903198e-01 0.00000000000000000e+00 1.23157426714897156e-02 9.90840911865234375e-01 1.34471550583839417e-01 0.00000000000000000e+00 -1.58194422721862793e-01 -1.30857333540916443e-01 9.78698551654815674e-01 0.00000000000000000e+00 -5.02041075378656387e-06 2.28805374354124069e+01 5.82076609134674072e-07 1.00000000000000000e+00 16 0 -1 -1 -1 -1 -1 -1 -1 -1 -1 -1 -1 -1 -1 -1 -1 -1 9 0  1 1 0
3 12 f_pinky.03.R 16 0 9.72030520439147949e-01 1.30221620202064514e-02 2.34493508934974670e-01 0.00000000000000000e+00 -2.11357809603214264e-02 9.99260485172271729e-01 3.21206226944923401e-02 0.00000000000000000e+00 -2.33901768922805786e-01 -3.61783578991889954e-02 9.71587002277374268e-01 0.00000000000000000e+00 -5.12227416038513184e-06 1.50977168232202530e+01 3.25962901115417480e-06 1.00000000000000000e+00 16 0 -1 -1 -1 -1 -1 -1 -1 -1 -1 -1 -1 -1 -1 -1 -1 -1 9 0  1 1 0
4 16 f_pinky.03.R.004 16 0 9.08229947090148926e-01 -2.76809960603713989e-01 -3.13838660717010498e-01 0.00000000000000000e+00 1.30871117115020752e-01 9.00229930877685547e-01 -4.15282011032104492e-01 0.00000000000000000e+00 3.97480964660644531e-01 3.36099088191986084e-01 8.53841900825500488e-01 0.00000000000000000e+00 1.39698386192321777e-06 1.94368213415145874e+01 -2.79396772384643555e-06 1.00000000000000000e+00 16 0 -1 -1 -1 -1 -1 -1 -1 -1 -1 -1 -1 -1 -1 -1 -1 -1 9 0  0 1 0
5 13 f_middle.01.R 16 0 9.44843173027038574e-01 1.45251423120498657e-01 2.93553143739700317e-01 0.00000000000000000e+00 -1.52552887797355652e-01 9.88293230533599854e-01 2.00148974545300007e-03 0.00000000000000000e+00 -2.89825856685638428e-01 -4.66734655201435089e-02 9.55940604209899902e-01 0.00000000000000000e+00 -1.23689812608063221e+00 8.80728736519813538e+01 -1.90390134230256081e+00 1.00000000000000000e+00 16 0 -1 -1 -1 -1 -1 -1 -1 -1 -1 -1 -1 -1 -1 -1 -1 -1 9 0  1 1 0
6 13 f_middle.02.R 16 0 9.85155642032623291e-01 -1.23416386544704437e-01 1.19318492710590363e-01 0.00000000000000000e+00 1.02014638483524323e-01 9.79924321174621582e-01 1.71293005347251892e-01 0.00000000000000000e+00 -1.38063490390777588e-01 -1.56578034162521362e-01 9.77968335151672363e-01 0.00000000000000000e+00 5.23868948221206665e-07 3.38882356882095337e+01 -1.74622982740402222e-07 1.00000000000000000e+00 16 0 -1 -1 -1 -1 -1 -1 -1 -1 -1 -1 -1 -1 -1 -1 -1 -1 9 0  1 1 0
7 13 f_middle.03.R 16 0 9.75227355957031250e-01 2.55289208143949509e-02 -2.19726920127868652e-01 0.00000000000000000e+00 -2.41801105439662933e-02 9.99668717384338379e-01 8.82616639137268066e-03 0.00000000000000000e+00 2.19879403710365295e-01 -3.29449190758168697e-03 9.75521504878997803e-01 0.00000000000000000e+00 1.16415321826934814e-07 2.65811067074537277e+01 -2.79396772384643555e-06 1.00000000000000000e+00 16 0 -1 -1 -1 -1 -1 -1 -1 -1 -1 -1 -1 -1 -1 -1 -1 -1 9 0  1 1 0
8 17 f_middle.03.R.001 16 0 9.86530065536499023e-01 -2.12369002401828766e-02 -1.62195920944213867e-01 0.00000000000000000e+00 -1.30481449887156487e-02 9.78161215782165527e-01 -2.07437440752983093e-01 0.00000000000000000e+00 1.63059055805206299e-01 2.06759601831436157e-01 9.64708328247070312e-01 0.00000000000000000e+00 -5.82076609134674072e-07 2.59108170866966248e+01 8.73114913702011108e-07 1.00000000000000000e+00 16 0 -1 -1 -1 -1 -1 -1 -1 -1 -1 -1 -1 -1 -1 -1 -1 -1 9 0  0 1 0
9 11 f_ring.01.R 16 0 8.96658778190612793e-01 2.98955142498016357e-01 3.26540619134902954e-01 0.00000000000000000e+00 -3.11469584703445435e-01 9.50143873691558838e-01 -1.46029610186815262e-02 0.00000000000000000e+00 -3.14626157283782959e-01 -8.86135846376419067e-02 9.45070385932922363e-01 0.00000000000000000e+00 -2.10528690367937088e+01 8.04450139403343201e+01 -3.89283918775618076e+00 1.00000000000000000e+00 16 0 -1 -1 -1 -1 -1 -1 -1 -1 -1 -1 -1 -1 -1 -1 -1 -1 9 0  1 1 0
10 11 f_ring.02.R 16 0 9.85014855861663818e-01 -1.03135280311107635e-01 -1.38234928250312805e-01 0.00000000000000000e+00 1.27100035548210144e-01 9.75861608982086182e-01 1.77593961358070374e-01 0.00000000000000000e+00 1.16581924259662628e-01 -1.92502349615097046e-01 9.74346756935119629e-01 0.00000000000000000e+00 4.07453626394271851e-07 2.99394726753234863e+01 0.00000000000000000e+00 1.00000000000000000e+00 16 0 -1 -1 -1 -1 -1 -1 -1 -1 -1 -1 -1 -1 -1 -1 -1 -1 9 0  1 1 0
11 11 f_ring.03.R 16 0 9.90363121032714844e-01 5.41466325521469116e-02 1.27470836043357849e-01 0.00000000000000000e+00 -5.50017580389976501e-02 9.98481094837188721e-01 3.19543667137622833e-03 0.00000000000000000e+00 -1.27104192972183228e-01 -1.01757757365703583e-02 9.91837143898010254e-01 0.00000000000000000e+00 -3.20142135024070740e-06 2.51962840557098389e+01 -2.56113708019256592e-06 1.00000000000000000e+00 16 0 -1 -1 -1 -1 -1 -1 -1 -1 -1 -1 -1 -1 -1 -1 -1 -1 9 0  1 1 0
12 15 f_ring.03.R.001 16 0 9.48534846305847168e-01 -1.94614678621292114e-01 -2.49813511967658997e-01 0.00000000000000000e+00 1.30262270569801331e-01 9.58825111389160156e-01 -2.52360969781875610e-01 0.00000000000000000e+00 2.88640677928924561e-01 2.06831872463226318e-01 9.34829950332641602e-01 0.00000000000000000e+00 1.16415321826934814e-06 2.60439720004796982e+01 2.79396772384643555e-06 1.00000000000000000e+00 16 0 -1 -1 -1 -1 -1 -1 -1 -1 -1 -1 -1 -1 -1 -1 -1 -1 9 0  0 1 0
13 10 thumb.01.R 16 0 5.18561780452728271e-01 -8.09060394763946533e-01 2.76613771915435791e-01 0.00000000000000000e+00 5.48799932003021240e-01 5.63015460968017578e-01 6.17925763130187988e-01 0.00000000000000000e+00 -6.55677020549774170e-01 -1.68627083301544189e-01 7.35970556735992432e-01 0.00000000000000000e+00 2.49536503106355667e+01 2.45662443339824677e+01 4.44448832422494888e+00 1.00000000000000000e+00 16 0 -1 -1 -1 -1 -1 -1 -1 -1 -1 -1 -1 -1 -1 -1 -1 -1 9 0  1 1 0
14 10 thumb.02.R 16 0 5.18783330917358398e-01 3.22493493556976318e-01 7.91746079921722412e-01 0.00000000000000000e+00 -3.33420962095260620e-01 9.29106771945953369e-01 -1.59972548484802246e-01 0.00000000000000000e+00 -7.87206768989562988e-01 -1.80993646383285522e-01 5.89531302452087402e-01 0.00000000000000000e+00 4.65661287307739258e-06 3.16911004483699799e+01 -1.39698386192321777e-06 1.00000000000000000e+00 16 0 -1 -1 -1 -1 -1 -1 -1 -1 -1 -1 -1 -1 -1 -1 -1 -1 9 0  1 1 0
15 10 thumb.03.R 16 0 9.99760508537292480e-01 -1.63591913878917694e-02 -1.45247988402843475e-02 0.00000000000000000e+00 1.73584558069705963e-02 9.97284233570098877e-01 7.15730041265487671e-02 0.00000000000000000e+00 1.33144557476043701e-02 -7.18080103397369385e-02 9.97329473495483398e-01 0.00000000000000000e+00 -4.65661287307739258e-07 3.81900556385517120e+01 2.79396772384643555e-06 1.00000000000000000e+00 16 0 -1 -1 -1 -1 -1 -1 -1 -1 -1 -1 -1 -1 -1 -1 -1 -1 9 0  1 1 0
16 14 thumb.03.R.001 16 0 -7.08576738834381104e-02 4.73784506320953369e-01 -8.77785682678222656e-01 0.00000000000000000e+00 -3.93755048513412476e-01 7.95247077941894531e-01 4.61019605398178101e-01 0.00000000000000000e+00 9.16480422019958496e-01 3.78299355506896973e-01 1.30205690860748291e-01 0.00000000000000000e+00 1.39698386192321777e-06 2.47499663382768631e+01 -9.31322574615478516e-07 1.00000000000000000e+00 16 0 -1 -1 -1 -1 -1 -1 -1 -1 -1 -1 -1 -1 -1 -1 -1 -1 9 0  0 1 0
17 12 f_index.01.R 16 0 9.33493733406066895e-01 -1.37373656034469604e-01 3.31237047910690308e-01 0.00000000000000000e+00 1.23981490731239319e-01 9.90387082099914551e-01 6.13371841609477997e-02 0.00000000000000000e+00 -3.36478918790817261e-01 -1.61906220018863678e-02 9.41551864147186279e-01 0.00000000000000000e+00 2.54517830908298492e+01 8.93787518143653870e+01 -2.10339366458356380e+00 1.00000000000000000e+00 16 0 -1 -1 -1 -1 -1 -1 -1 -1 -1 -1 -1 -1 -1 -1 -1 -1 9 0  1 1 0
18 12 f_index.02.R 16 0 9.79103147983551025e-01 3.30032259225845337e-02 -2.00668334960937500e-01 0.00000000000000000e+00 7.73940235376358032e-03 9.79981899261474609e-01 1.98936447501182556e-01 0.00000000000000000e+00 2.03216806054115295e-01 -1.96332365274429321e-01 9.59247887134552002e-01 0.00000000000000000e+00 -2.47382558882236481e-07 2.68096104264259338e+01 -5.82076609134674072e-08 1.00000000000000000e+00 16 0 -1 -1 -1 -1 -1 -1 -1 -1 -1 -1 -1 -1 -1 -1 -1 -1 9 0  1 1 0
19 12 f_index.03.R 16 0 9.87482964992523193e-01 -7.42267072200775146e-03 1.57550632953643799e-01 0.00000000000000000e+00 2.14019417762756348e-03 9.99430716037750244e-01 3.36720608174800873e-02 0.00000000000000000e+00 -1.57710850238800049e-01 -3.29133644700050354e-02 9.86936748027801514e-01 0.00000000000000000e+00 1.97906047105789185e-06 2.40588970482349396e+01 0.00000000000000000e+00 1.00000000000000000e+00 16 0 -1 -1 -1 -1 -1 -1 -1 -1 -1 -1 -1 -1 -1 -1 -1 -1 9 0  1 1 0
20 16 f_index.03.R.001 16 0 9.39084291458129883e-01 1.66422232985496521e-01 -3.00706773996353149e-01 0.00000000000000000e+00 -2.40588173270225525e-01 9.43136096000671387e-01 -2.29371860623359680e-01 0.00000000000000000e+00 2.45434850454330444e-01 2.87745922803878784e-01 9.25723433494567871e-01 0.00000000000000000e+00 1.86264514923095703e-06 2.46616564691066742e+01 1.86264514923095703e-06 1.00000000000000000e+00 16 0 -1 -1 -1 -1 -1 -1 -1 -1 -1 -1 -1 -1 -1 -1 -1 -1 9 0  0 1
