22 serialization::archive 12 1 0
0 6 hand.R 16 0 9.94069755077362061e-01 -4.00644391775131226e-02 1.01095229387283325e-01 0.00000000000000000e+00 -1.01503036916255951e-01 -8.27347207814455032e-03 9.94800746440887451e-01 0.00000000000000000e+00 -3.90197075903415680e-02 -9.99162793159484863e-01 -1.22909257188439369e-02 0.00000000000000000e+00 -7.45058059692382812e-06 1.86264514923095703e-06 -6.98491930961608887e-07 1.00000000000000000e+00 16 0 -1 -1 -1 -1 -1 -1 -1 -1 -1 -1 -1 -1 -1 -1 -1 -1 9 0  0 0 5 1 0 1 0
1 12 f_pinky.01.R 16 0 9.28546071052551270e-01 -3.65002840757369995e-01 -6.76402524113655090e-02 0.00000000000000000e+00 3.71188044548034668e-01 9.15217459201812744e-01 1.56833380460739136e-01 0.00000000000000000e+00 4.66090999543666840e-03 -1.70734286308288574e-01 9.85306084156036377e-01 0.00000000000000000e+00 3.99274937808513641e+01 7.03901946544647217e+01 -2.20289453864097595e+00 1.00000000000000000e+00 16 0 -1 -1 -1 -1 -1 -1 -1 -1 -1 -1 -1 -1 -1 -1 -1 -1 9 0  1 1 0
2 12 f_pinky.02.R 16 0 9.87331271171569824e-01 3.33260409533977509e-02 -1.55133843421936035e-01 0.00000000000000000e+00 -1.23157622292637825e-02 9.90840911865234375e-01 1.34471490979194641e-01 0.00000000000000000e+00 1.58194333314895630e-01 -1.30857318639755249e-01 9.78698611259460449e-01 0.00000000000000000e+00 1.39698386192321777e-06 2.28805392980575562e+01 3.49245965480804443e-07 1.00000000000000000e+00 16 0 -1 -1 -1 -1 -1 -1 -1 -1 -1 -1 -1 -1 -1 -1 -1 -1 9 0  1 1 0
3 12 f_pinky.03.R 16 0 9.72030460834503174e-01 -1.30221620202064514e-02 -2.34493568539619446e-01 0.00000000000000000e+00 2.11357772350311279e-02 9.99260485172271729e-01 3.21207121014595032e-02 0.00000000000000000e+00 2.33901858329772949e-01 -3.61784622073173523e-02 9.71586942672729492e-01 0.00000000000000000e+00 -4.65661287307739258e-06 1.50977233424782753e+01 -2.79396772384643555e-06 1.00000000000000000e+00 16 0 -1 -1 -1 -1 -1 -1 -1 -1 -1 -1 -1 -1 -1 -1 -1 -1 9 0  1 1 0
4 16 f_pinky.03.R.004 16 0 9.08230066299438477e-01 2.76809960603713989e-01 3.13838571310043335e-01 0.00000000000000000e+00 -1.30871117115020752e-01 9.00229811668395996e-01 -4.15281951427459717e-01 0.00000000000000000e+00 -3.97480994462966919e-01 3.36099088191986084e-01 8.53842079639434814e-01 0.00000000000000000e+00 -3.25962901115417480e-06 1.94368325173854828e+01 -1.86264514923095703e-06 1.00000000000000000e+00 16 0 -1 -1 -1 -1 -1 -1 -1 -1 -1 -1 -1 -1 -1 -1 -1 -1 9 0  0 1 0
5 13 f_middle.01.R 16 0 9.44843292236328125e-01 -1.45251438021659851e-01 -2.93553084135055542e-01 0.00000000000000000e+00 1.52552872896194458e-01 9.88293230533599854e-01 2.00149021111428738e-03 0.00000000000000000e+00 2.89825826883316040e-01 -4.66734580695629120e-02 9.55940663814544678e-01 0.00000000000000000e+00 1.23689812608063221e+00 8.80728736519813538e+01 -1.90390134230256081e+00 1.00000000000000000e+00 16 0 -1 -1 -1 -1 -1 -1 -1 -1 -1 -1 -1 -1 -1 -1 -1 -1 9 0  1 1 0
6 13 f_middle.02.R 16 0 9.85155642032623291e-01 1.23416371643543243e-01 -1.19318604469299316e-01 0.00000000000000000e+00 -1.02014616131782532e-01 9.79924380779266357e-01 1.71293005347251892e-01 0.00000000000000000e+00 1.38063594698905945e-01 -1.56578004360198975e-01 9.77968275547027588e-01 0.00000000000000000e+00 -5.52972778677940369e-07 3.38882356882095337e+01 -2.91038304567337036e-07 1.00000000000000000e+00 16 0 -1 -1 -1 -1 -1 -1 -1 -1 -1 -1 -1 -1 -1 -1 -1 -1 9 0  1 1 0
7 13 f_middle.03.R 16 0 9.75227475166320801e-01 -2.55289170891046524e-02 2.19726935029029846e-01 0.00000000000000000e+00 2.41801124066114426e-02 9.99668776988983154e-01 8.82619712501764297e-03 0.00000000000000000e+00 -2.19879418611526489e-01 -3.29451705329120159e-03 9.75521564483642578e-01 0.00000000000000000e+00 -1.16415321826934814e-06 2.65811067074537277e+01 -3.49245965480804443e-06 1.00000000000000000e+00 16 0 -1 -1 -1 -1 -1 -1 -1 -1 -1 -1 -1 -1 -1 -1 -1 -1 9 0  1 1 0
8 17 f_middle.03.R.001 16 0 9.86530125141143799e-01 2.12369058281183243e-02 1.62195980548858643e-01 0.00000000000000000e+00 1.30481496453285217e-02 9.78161215782165527e-01 -2.07437440752983093e-01 0.00000000000000000e+00 -1.63059115409851074e-01 2.06759616732597351e-01 9.64708387851715088e-01 0.00000000000000000e+00 -8.14907252788543701e-07 2.59108319878578186e+01 2.50292941927909851e-06 1.00000000000000000e+00 16 0 -1 -1 -1 -1 -1 -1 -1 -1 -1 -1 -1 -1 -1 -1 -1 -1 9 0  0 1 0
9 11 f_ring.01.R 16 0 8.96658778190612793e-01 -2.98955142498016357e-01 -3.26540619134902954e-01 0.00000000000000000e+00 3.11469584703445435e-01 9.50143873691558838e-01 -1.46029610186815262e-02 0.00000000000000000e+00 3.14626157283782959e-01 -8.86135846376419067e-02 9.45070385932922363e-01 0.00000000000000000e+00 2.10528690367937088e+01 8.04450139403343201e+01 -3.89283918775618076e+00 1.00000000000000000e+00 16 0 -1 -1 -1 -1 -1 -1 -1 -1 -1 -1 -1 -1 -1 -1 -1 -1 9 0  1 1 0
10 11 f_ring.02.R 16 0 9.85014915466308594e-01 1.03135295212268829e-01 1.38234853744506836e-01 0.00000000000000000e+00 -1.27100035548210144e-01 9.75861608982086182e-01 1.77593961358070374e-01 0.00000000000000000e+00 -1.16581872105598450e-01 -1.92502319812774658e-01 9.74346756935119629e-01 0.00000000000000000e+00 -4.07453626394271851e-07 2.99394726753234863e+01 0.00000000000000000e+00 1.00000000000000000e+00 16 0 -1 -1 -1 -1 -1 -1 -1 -1 -1 -1 -1 -1 -1 -1 -1 -1 9 0  1 1 0
11 11 f_ring.03.R 16 0 9.90363180637359619e-01 -5.41466474533081055e-02 -1.27470746636390686e-01 0.00000000000000000e+00 5.50017878413200378e-02 9.98481094837188721e-01 3.19544970989227295e-03 0.00000000000000000e+00 1.27104073762893677e-01 -1.01757533848285675e-02 9.91837263107299805e-01 0.00000000000000000e+00 1.16415321826934814e-06 2.51962766051292419e+01 -1.62981450557708740e-06 1.00000000000000000e+00 16 0 -1 -1 -1 -1 -1 -1 -1 -1 -1 -1 -1 -1 -1 -1 -1 -1 9 0  1 1 0
12 15 f_ring.03.R.001 16 0 9.48534905910491943e-01 1.94614693522453308e-01 2.49813526868820190e-01 0.00000000000000000e+00 -1.30262285470962524e-01 9.58825170993804932e-01 -2.52360910177230835e-01 0.00000000000000000e+00 -2.88640618324279785e-01 2.06831842660903931e-01 9.34830009937286377e-01 0.00000000000000000e+00 -1.62981450557708740e-06 2.60439869016408920e+01 3.25962901115417480e-06 1.00000000000000000e+00 16 0 -1 -1 -1 -1 -1 -1 -1 -1 -1 -1 -1 -1 -1 -1 -1 -1 9 0  0 1 0
13 10 thumb.01.R 16 0 5.18561780452728271e-01 8.09060394763946533e-01 -2.76613771915435791e-01 0.00000000000000000e+00 -5.48799932003021240e-01 5.63015460968017578e-01 6.17925763130187988e-01 0.00000000000000000e+00 6.55677020549774170e-01 -1.68627083301544189e-01 7.35970556735992432e-01 0.00000000000000000e+00 -2.49536503106355667e+01 2.45662443339824677e+01 4.44448832422494888e+00 1.00000000000000000e+00 16 0 -1 -1 -1 -1 -1 -1 -1 -1 -1 -1 -1 -1 -1 -1 -1 -1 9 0  1 1 0
14 10 thumb.02.R 16 0 5.18783330917358398e-01 -3.22493493556976318e-01 -7.91746079921722412e-01 0.00000000000000000e+00 3.33420962095260620e-01 9.29106771945953369e-01 -1.59972548484802246e-01 0.00000000000000000e+00 7.87206768989562988e-01 -1.80993646383285522e-01 5.89531302452087402e-01 0.00000000000000000e+00 -4.65661287307739258e-06 3.16911004483699799e+01 -1.39698386192321777e-06 1.00000000000000000e+00 16 0 -1 -1 -1 -1 -1 -1 -1 -1 -1 -1 -1 -1 -1 -1 -1 -1 9 0  1 1 0
15 10 thumb.03.R 16 0 9.99760568141937256e-01 1.63592062890529633e-02 1.45249031484127045e-02 0.00000000000000000e+00 -1.73584558069705963e-02 9.97284233570098877e-01 7.15730041265487671e-02 0.00000000000000000e+00 -1.33145526051521301e-02 -7.18079805374145508e-02 9.97329473495483398e-01 0.00000000000000000e+00 4.65661287307739258e-07 3.81900556385517120e+01 2.79396772384643555e-06 1.00000000000000000e+00 16 0 -1 -1 -1 -1 -1 -1 -1 -1 -1 -1 -1 -1 -1 -1 -1 -1 9 0  1 1 0
16 14 thumb.03.R.001 16 0 -7.08575546741485596e-02 -4.73784625530242920e-01 8.77785742282867432e-01 0.00000000000000000e+00 3.93755167722702026e-01 7.95247137546539307e-01 4.61019575595855713e-01 0.00000000000000000e+00 -9.16480243206024170e-01 3.78299236297607422e-01 1.30205780267715454e-01 0.00000000000000000e+00 -1.39698386192321777e-06 2.47499607503414154e+01 -1.39698386192321777e-06 1.00000000000000000e+00 16 0 -1 -1 -1 -1 -1 -1 -1 -1 -1 -1 -1 -1 -1 -1 -1 -1 9 0  0 1 0
17 12 f_index.01.R 16 0 9.33493733406066895e-01 1.37373656034469604e-01 -3.31237047910690308e-01 0.00000000000000000e+00 -1.23981490731239319e-01 9.90387082099914551e-01 6.13371841609477997e-02 0.00000000000000000e+00 3.36478918790817261e-01 -1.61906220018863678e-02 9.41551864147186279e-01 0.00000000000000000e+00 -2.54517830908298492e+01 8.93787518143653870e+01 -2.10339366458356380e+00 1.00000000000000000e+00 16 0 -1 -1 -1 -1 -1 -1 -1 -1 -1 -1 -1 -1 -1 -1 -1 -1 9 0  1 1 0
18 12 f_index.02.R 16 0 9.79103147983551025e-01 -3.30032259225845337e-02 2.00668305158615112e-01 0.00000000000000000e+00 -7.73940235376358032e-03 9.79981899261474609e-01 1.98936447501182556e-01 0.00000000000000000e+00 -2.03216791152954102e-01 -1.96332350373268127e-01 9.59247887134552002e-01 0.00000000000000000e+00 2.47382558882236481e-07 2.68096104264259338e+01 -5.82076609134674072e-08 1.00000000000000000e+00 16 0 -1 -1 -1 -1 -1 -1 -1 -1 -1 -1 -1 -1 -1 -1 -1 -1 9 0  1 1 0
19 12 f_index.03.R 16 0 9.87482905387878418e-01 7.42267817258834839e-03 -1.57550588250160217e-01 0.00000000000000000e+00 -2.14019417762756348e-03 9.99430596828460693e-01 3.36720570921897888e-02 0.00000000000000000e+00 1.57710850238800049e-01 -3.29133756458759308e-02 9.86936748027801514e-01 0.00000000000000000e+00 1.62981450557708740e-06 2.40588970482349396e+01 2.79396772384643555e-06 1.00000000000000000e+00 16 0 -1 -1 -1 -1 -1 -1 -1 -1 -1 -1 -1 -1 -1 -1 -1 -1 9 0  1 1 0
20 16 f_index.03.R.001 16 0 9.39084291458129883e-01 -1.66422232985496521e-01 3.00706773996353149e-01 0.00000000000000000e+00 2.40588113665580750e-01 9.43136036396026611e-01 -2.29371815919876099e-01 0.00000000000000000e+00 -2.45434865355491638e-01 2.87745952606201172e-01 9.25723433494567871e-01 0.00000000000000000e+00 -2.56113708019256592e-06 2.46616713702678680e+01 9.31322574615478516e-07 1.00000000000000000e+00 16 0 -1 -1 -1 -1 -1 -1 -1 -1 -1 -1 -1 -1 -1 -1 -1 -1 9 0  0 1
