22 serialization::archive 12 1 0
0 6 global 7 0 0.00000000000000000e+00 0.00000000000000000e+00 3.00000000000000000e+03 0.00000000000000000e+00 0.00000000000000000e+00 0.00000000000000000e+00 1.00000000000000000e+00 7 0 0 1 2 3 4 5 6 11 0  0 0 1 1 0 1 0
1 4 Tm2s 16 0 1.00000000000000000e+00 0.00000000000000000e+00 0.00000000000000000e+00 0.00000000000000000e+00 0.00000000000000000e+00 1.00000000000000000e+00 0.00000000000000000e+00 0.00000000000000000e+00 0.00000000000000000e+00 0.00000000000000000e+00 1.00000000000000000e+00 0.00000000000000000e+00 0.00000000000000000e+00 0.00000000000000000e+00 0.00000000000000000e+00 1.00000000000000000e+00 16 0 -1 -1 -1 -1 -1 -1 -1 -1 -1 -1 -1 -1 -1 -1 -1 -1 9 0  1 1 0
2 6 hand.R 16 0 9.94069755077362061e-01 4.00644391775131226e-02 -1.01095229387283325e-01 0.00000000000000000e+00 1.01503036916255951e-01 -8.27347207814455032e-03 9.94800746440887451e-01 0.00000000000000000e+00 3.90197075903415680e-02 -9.99162793159484863e-01 -1.22909257188439369e-02 0.00000000000000000e+00 7.45058059692382812e-06 1.86264514923095703e-06 -6.98491930961608887e-07 1.00000000000000000e+00 16 0 -1 -1 -1 -1 -1 -1 -1 -1 -1 -1 -1 -1 -1 -1 -1 -1 9 0  6 1 0
3 10 hand.R_m2b 16 0 9.94069695472717285e-01 1.01503036916255951e-01 3.90197299420833588e-02 -0.00000000000000000e+00 4.00644056499004364e-02 -8.27333237975835800e-03 -9.99162912368774414e-01 0.00000000000000000e+00 -1.01095244288444519e-01 9.94800925254821777e-01 -1.22910719364881516e-02 -0.00000000000000000e+00 -7.55163664933888867e-06 -4.59857776857752754e-08 1.56178114885108243e-06 1.00000000000000000e+00 16 0 -1 -1 -1 -1 -1 -1 -1 -1 -1 -1 -1 -1 -1 -1 -1 -1 9 52 /home/padeler/work/LevmarIK/model/hand_skinned.bmesh 0 1 0
4 12 f_pinky.01.R 16 0 9.28546071052551270e-01 3.65002810955047607e-01 6.76402822136878967e-02 0.00000000000000000e+00 -3.71188044548034668e-01 9.15217459201812744e-01 1.56833380460739136e-01 0.00000000000000000e+00 -4.66093607246875763e-03 -1.70734286308288574e-01 9.85306084156036377e-01 0.00000000000000000e+00 -3.99274937808513641e+01 7.03901946544647217e+01 -2.20289453864097595e+00 1.00000000000000000e+00 16 0 -1 -1 -1 -1 -1 -1 -1 -1 -1 -1 -1 -1 -1 -1 -1 -1 9 0  1 1 0
5 16 f_pinky.01.R_rot 3 0 3.72528994319054618e-08 0.00000000000000000e+00 -1.49011611938476562e-08 3 0 7 -1 8 1 0  2 1 0
6 16 f_pinky.01.R_m2b 16 0 9.62727665901184082e-01 -2.69969731569290161e-01 1.64830274879932404e-02 -0.00000000000000000e+00 -3.34018059074878693e-02 -1.79145425558090210e-01 -9.83255565166473389e-01 0.00000000000000000e+00 2.68402129411697388e-01 9.46056663990020752e-01 -1.81485876441001892e-01 -0.00000000000000000e+00 1.15308947861194611e+01 -7.88974314928054810e+01 1.40024451538920403e+01 1.00000000000000000e+00 16 0 -1 -1 -1 -1 -1 -1 -1 -1 -1 -1 -1 -1 -1 -1 -1 -1 9 52 /home/padeler/work/LevmarIK/model/hand_skinned.bmesh 0 1 0
7 12 f_pinky.02.R 16 0 9.87331271171569824e-01 -3.33260521292686462e-02 1.55133932828903198e-01 0.00000000000000000e+00 1.23157426714897156e-02 9.90840911865234375e-01 1.34471550583839417e-01 0.00000000000000000e+00 -1.58194422721862793e-01 -1.30857333540916443e-01 9.78698551654815674e-01 0.00000000000000000e+00 -5.02041075378656387e-06 2.28805374354124069e+01 5.82076609134674072e-07 1.00000000000000000e+00 16 0 -1 -1 -1 -1 -1 -1 -1 -1 -1 -1 -1 -1 -1 -1 -1 -1 9 0  1 1 0
8 16 f_pinky.02.R_rot 3 0 2.23517417907714844e-08 -2.98023223876953125e-08 0.00000000000000000e+00 3 0 9 -1 -1 1 0  2 1 0
9 16 f_pinky.02.R_m2b 16 0 9.62085068225860596e-01 -2.53423869609832764e-01 -1.00838720798492432e-01 -0.00000000000000000e+00 -1.79544702172279358e-01 -3.10135871171951294e-01 -9.33584392070770264e-01 0.00000000000000000e+00 2.05318823456764221e-01 9.16292548179626465e-01 -3.43878179788589478e-01 -0.00000000000000000e+00 1.69489216059446335e+01 -9.88208502531051636e+01 2.51984484493732452e+01 1.00000000000000000e+00 16 0 -1 -1 -1 -1 -1 -1 -1 -1 -1 -1 -1 -1 -1 -1 -1 -1 9 52 /home/padeler/work/LevmarIK/model/hand_skinned.bmesh 0 1 0
10 12 f_pinky.03.R 16 0 9.72030520439147949e-01 1.30221620202064514e-02 2.34493508934974670e-01 0.00000000000000000e+00 -2.11357809603214264e-02 9.99260485172271729e-01 3.21206226944923401e-02 0.00000000000000000e+00 -2.33901768922805786e-01 -3.61783578991889954e-02 9.71587002277374268e-01 0.00000000000000000e+00 -5.12227416038513184e-06 1.50977168232202530e+01 3.25962901115417480e-06 1.00000000000000000e+00 16 0 -1 -1 -1 -1 -1 -1 -1 -1 -1 -1 -1 -1 -1 -1 -1 -1 9 0  1 1 0
11 16 f_pinky.03.R_rot 3 0 0.00000000000000000e+00 5.96046376699632674e-08 1.49011594174908168e-08 3 0 10 -1 -1 1 0  2 1 0
12 16 f_pinky.03.R_m2b 16 0 9.08229768276214600e-01 -2.76809841394424438e-01 -3.13838481903076172e-01 -0.00000000000000000e+00 -3.97480905055999756e-01 -3.36098968982696533e-01 -8.53842139244079590e-01 0.00000000000000000e+00 1.30871102213859558e-01 9.00229811668395996e-01 -4.15281951427459717e-01 -0.00000000000000000e+00 2.09002736955881119e+01 -1.13383166491985321e+02 2.46394872665405273e+01 1.00000000000000000e+00 16 0 -1 -1 -1 -1 -1 -1 -1 -1 -1 -1 -1 -1 -1 -1 -1 -1 9 52 /home/padeler/work/LevmarIK/model/hand_skinned.bmesh 0 1 0
13 16 f_pinky.03.R.004 16 0 9.08229947090148926e-01 -2.76809960603713989e-01 -3.13838660717010498e-01 0.00000000000000000e+00 1.30871117115020752e-01 9.00229930877685547e-01 -4.15282011032104492e-01 0.00000000000000000e+00 3.97480964660644531e-01 3.36099088191986084e-01 8.53841900825500488e-01 0.00000000000000000e+00 1.39698386192321777e-06 1.94368213415145874e+01 -2.79396772384643555e-06 1.00000000000000000e+00 16 0 -1 -1 -1 -1 -1 -1 -1 -1 -1 -1 -1 -1 -1 -1 -1 -1 9 0  1 1 0
14 20 f_pinky.03.R.004_m2b 16 0 9.99999761581420898e-01 1.49011309957813864e-08 1.19209275339926535e-07 -0.00000000000000000e+00 8.94069600576585799e-08 2.08616256713867188e-07 -1.00000011920928955e+00 0.00000000000000000e+00 -0.00000000000000000e+00 9.99999880790710449e-01 0.00000000000000000e+00 -0.00000000000000000e+00 4.80153188109397888e+01 -1.27065584063529968e+02 -1.52949821203947067e+01 1.00000000000000000e+00 16 0 -1 -1 -1 -1 -1 -1 -1 -1 -1 -1 -1 -1 -1 -1 -1 -1 9 52 /home/padeler/work/LevmarIK/model/hand_skinned.bmesh 0 1 0
15 13 f_middle.01.R 16 0 9.44843173027038574e-01 1.45251423120498657e-01 2.93553143739700317e-01 0.00000000000000000e+00 -1.52552887797355652e-01 9.88293230533599854e-01 2.00148974545300007e-03 0.00000000000000000e+00 -2.89825856685638428e-01 -4.66734655201435089e-02 9.55940604209899902e-01 0.00000000000000000e+00 -1.23689812608063221e+00 8.80728736519813538e+01 -1.90390134230256081e+00 1.00000000000000000e+00 16 0 -1 -1 -1 -1 -1 -1 -1 -1 -1 -1 -1 -1 -1 -1 -1 -1 9 0  1 1 0
16 17 f_middle.01.R_rot 3 0 0.00000000000000000e+00 0.00000000000000000e+00 0.00000000000000000e+00 3 0 11 -1 12 1 0  2 1 0
17 17 f_middle.01.R_m2b 16 0 9.65437769889831543e-01 -5.12553229928016663e-02 -2.55544096231460571e-01 -0.00000000000000000e+00 -2.56654500961303711e-01 -1.62882357835769653e-02 -9.66366052627563477e-01 0.00000000000000000e+00 4.53690178692340851e-02 9.98552858829498291e-01 -2.88803316652774811e-02 -0.00000000000000000e+00 -1.10651459544897079e+01 -8.72267186641693115e+01 5.57220261543989182e+00 1.00000000000000000e+00 16 0 -1 -1 -1 -1 -1 -1 -1 -1 -1 -1 -1 -1 -1 -1 -1 -1 9 52 /home/padeler/work/LevmarIK/model/hand_skinned.bmesh 0 1 0
18 13 f_middle.02.R 16 0 9.85155642032623291e-01 -1.23416386544704437e-01 1.19318492710590363e-01 0.00000000000000000e+00 1.02014638483524323e-01 9.79924321174621582e-01 1.71293005347251892e-01 0.00000000000000000e+00 -1.38063490390777588e-01 -1.56578034162521362e-01 9.77968335151672363e-01 0.00000000000000000e+00 5.23868948221206665e-07 3.38882356882095337e+01 -1.74622982740402222e-07 1.00000000000000000e+00 16 0 -1 -1 -1 -1 -1 -1 -1 -1 -1 -1 -1 -1 -1 -1 -1 -1 9 0  1 1 0
19 17 f_middle.02.R_rot 3 0 0.00000000000000000e+00 0.00000000000000000e+00 0.00000000000000000e+00 3 0 13 -1 -1 1 0  2 1 0
20 17 f_middle.02.R_m2b 16 0 9.26940977573394775e-01 4.48953406885266304e-03 -3.75180214643478394e-01 -0.00000000000000000e+00 -3.66139709949493408e-01 -2.07675516605377197e-01 -9.07090187072753906e-01 0.00000000000000000e+00 -8.19882005453109741e-02 9.78187620639801025e-01 -1.90859287977218628e-01 -0.00000000000000000e+00 4.71154553815722466e+00 -1.18857830762863159e+02 2.59410683065652847e+01 1.00000000000000000e+00 16 0 -1 -1 -1 -1 -1 -1 -1 -1 -1 -1 -1 -1 -1 -1 -1 -1 9 52 /home/padeler/work/LevmarIK/model/hand_skinned.bmesh 0 1 0
21 13 f_middle.03.R 16 0 9.75227355957031250e-01 2.55289208143949509e-02 -2.19726920127868652e-01 0.00000000000000000e+00 -2.41801105439662933e-02 9.99668717384338379e-01 8.82616639137268066e-03 0.00000000000000000e+00 2.19879403710365295e-01 -3.29449190758168697e-03 9.75521504878997803e-01 0.00000000000000000e+00 1.16415321826934814e-07 2.65811067074537277e+01 -2.79396772384643555e-06 1.00000000000000000e+00 16 0 -1 -1 -1 -1 -1 -1 -1 -1 -1 -1 -1 -1 -1 -1 -1 -1 9 0  1 1 0
22 17 f_middle.03.R_rot 3 0 -2.23517382380578056e-08 0.00000000000000000e+00 -2.98023188349816337e-08 3 0 14 -1 -1 1 0  2 1 0
23 17 f_middle.03.R_m2b 16 0 9.86529946327209473e-01 -2.12369021028280258e-02 -1.62195906043052673e-01 -0.00000000000000000e+00 -1.63059070706367493e-01 -2.06759527325630188e-01 -9.64708387851715088e-01 0.00000000000000000e+00 -1.30481505766510963e-02 9.78161394596099854e-01 -2.07437485456466675e-01 -0.00000000000000000e+00 -4.81802085414528847e+00 -1.45275726914405823e+02 2.68211923539638519e+01 1.00000000000000000e+00 16 0 -1 -1 -1 -1 -1 -1 -1 -1 -1 -1 -1 -1 -1 -1 -1 -1 9 52 /home/padeler/work/LevmarIK/model/hand_skinned.bmesh 0 1 0
24 17 f_middle.03.R.001 16 0 9.86530065536499023e-01 -2.12369002401828766e-02 -1.62195920944213867e-01 0.00000000000000000e+00 -1.30481449887156487e-02 9.78161215782165527e-01 -2.07437440752983093e-01 0.00000000000000000e+00 1.63059055805206299e-01 2.06759601831436157e-01 9.64708328247070312e-01 0.00000000000000000e+00 -5.82076609134674072e-07 2.59108170866966248e+01 8.73114913702011108e-07 1.00000000000000000e+00 16 0 -1 -1 -1 -1 -1 -1 -1 -1 -1 -1 -1 -1 -1 -1 -1 -1 9 0  1 1 0
25 21 f_middle.03.R.001_m2b 16 0 9.99999880790710449e-01 -3.72529074255112391e-09 5.55111578487027274e-17 -0.00000000000000000e+00 -0.00000000000000000e+00 8.94069955847953679e-08 -1.00000011920928955e+00 0.00000000000000000e+00 0.00000000000000000e+00 1.00000011920928955e+00 -1.49011647465613351e-08 -0.00000000000000000e+00 -5.46793686226010323e+00 -1.72948896884918213e+02 -1.03054596111178398e+01 1.00000000000000000e+00 16 0 -1 -1 -1 -1 -1 -1 -1 -1 -1 -1 -1 -1 -1 -1 -1 -1 9 52 /home/padeler/work/LevmarIK/model/hand_skinned.bmesh 0 1 0
26 11 f_ring.01.R 16 0 8.96658778190612793e-01 2.98955142498016357e-01 3.26540619134902954e-01 0.00000000000000000e+00 -3.11469584703445435e-01 9.50143873691558838e-01 -1.46029610186815262e-02 0.00000000000000000e+00 -3.14626157283782959e-01 -8.86135846376419067e-02 9.45070385932922363e-01 0.00000000000000000e+00 -2.10528690367937088e+01 8.04450139403343201e+01 -3.89283918775618076e+00 1.00000000000000000e+00 16 0 -1 -1 -1 -1 -1 -1 -1 -1 -1 -1 -1 -1 -1 -1 -1 -1 9 0  1 1 0
27 15 f_ring.01.R_rot 3 0 0.00000000000000000e+00 0.00000000000000000e+00 0.00000000000000000e+00 3 0 15 -1 16 1 0  2 1 0
28 15 f_ring.01.R_m2b 16 0 9.34427857398986816e-01 -2.13749796152114868e-01 -2.84878581762313843e-01 -0.00000000000000000e+00 -2.92816489934921265e-01 -5.74896996840834618e-03 -9.56151485443115234e-01 0.00000000000000000e+00 2.02739372849464417e-01 9.76871669292449951e-01 -6.79616034030914307e-02 -0.00000000000000000e+00 -3.90104390680789948e+00 -8.30485150218009949e+01 4.18374827131628990e+00 1.00000000000000000e+00 16 0 -1 -1 -1 -1 -1 -1 -1 -1 -1 -1 -1 -1 -1 -1 -1 -1 9 52 /home/padeler/work/LevmarIK/model/hand_skinned.bmesh 0 1 0
29 11 f_ring.02.R 16 0 9.85014855861663818e-01 -1.03135280311107635e-01 -1.38234928250312805e-01 0.00000000000000000e+00 1.27100035548210144e-01 9.75861608982086182e-01 1.77593961358070374e-01 0.00000000000000000e+00 1.16581924259662628e-01 -1.92502349615097046e-01 9.74346756935119629e-01 0.00000000000000000e+00 4.07453626394271851e-07 2.99394726753234863e+01 0.00000000000000000e+00 1.00000000000000000e+00 16 0 -1 -1 -1 -1 -1 -1 -1 -1 -1 -1 -1 -1 -1 -1 -1 -1 9 0  1 1 0
30 15 f_ring.02.R_rot 3 0 -1.49011611938476562e-08 7.45058059692382812e-09 -1.49011611938476562e-08 3 0 17 -1 -1 1 0  2 1 0
31 15 f_ring.02.R_m2b 16 0 9.81850564479827881e-01 -1.40417113900184631e-01 -1.27485752105712891e-01 -0.00000000000000000e+00 -1.55662178993225098e-01 -2.12633922696113586e-01 -9.64653432369232178e-01 0.00000000000000000e+00 1.08346030116081238e-01 9.66990232467651367e-01 -2.30632513761520386e-01 -0.00000000000000000e+00 7.23211886361241341e+00 -1.10013462603092194e+02 2.53720805048942566e+01 1.00000000000000000e+00 16 0 -1 -1 -1 -1 -1 -1 -1 -1 -1 -1 -1 -1 -1 -1 -1 -1 9 52 /home/padeler/work/LevmarIK/model/hand_skinned.bmesh 0 1 0
32 11 f_ring.03.R 16 0 9.90363121032714844e-01 5.41466325521469116e-02 1.27470836043357849e-01 0.00000000000000000e+00 -5.50017580389976501e-02 9.98481094837188721e-01 3.19543667137622833e-03 0.00000000000000000e+00 -1.27104192972183228e-01 -1.01757757365703583e-02 9.91837143898010254e-01 0.00000000000000000e+00 -3.20142135024070740e-06 2.51962840557098389e+01 -2.56113708019256592e-06 1.00000000000000000e+00 16 0 -1 -1 -1 -1 -1 -1 -1 -1 -1 -1 -1 -1 -1 -1 -1 -1 9 0  1 1 0
33 15 f_ring.03.R_rot 3 0 1.49011611938476562e-08 7.45058059692382812e-09 0.00000000000000000e+00 3 0 18 -1 -1 1 0  2 1 0
34 15 f_ring.03.R_m2b 16 0 9.48534965515136719e-01 -1.94614723324775696e-01 -2.49813616275787354e-01 -0.00000000000000000e+00 -2.88640707731246948e-01 -2.06831768155097961e-01 -9.34830069541931152e-01 0.00000000000000000e+00 1.30262285470962524e-01 9.58825349807739258e-01 -2.52360999584197998e-01 -0.00000000000000000e+00 3.07547627016901970e+00 -1.35321095585823059e+02 2.56216060370206833e+01 1.00000000000000000e+00 16 0 -1 -1 -1 -1 -1 -1 -1 -1 -1 -1 -1 -1 -1 -1 -1 -1 9 52 /home/padeler/work/LevmarIK/model/hand_skinned.bmesh 0 1 0
35 15 f_ring.03.R.001 16 0 9.48534846305847168e-01 -1.94614678621292114e-01 -2.49813511967658997e-01 0.00000000000000000e+00 1.30262270569801331e-01 9.58825111389160156e-01 -2.52360969781875610e-01 0.00000000000000000e+00 2.88640677928924561e-01 2.06831872463226318e-01 9.34829950332641602e-01 0.00000000000000000e+00 1.16415321826934814e-06 2.60439720004796982e+01 2.79396772384643555e-06 1.00000000000000000e+00 16 0 -1 -1 -1 -1 -1 -1 -1 -1 -1 -1 -1 -1 -1 -1 -1 -1 9 0  1 1 0
36 19 f_ring.03.R.001_m2b 16 0 1.00000011920928955e+00 9.99201230382409239e-15 -7.45058272855203541e-08 -0.00000000000000000e+00 -2.98023330458363489e-08 1.34110507588047767e-07 -1.00000011920928955e+00 0.00000000000000000e+00 -2.23517488961988420e-08 1.00000023841857910e+00 1.49011682992750139e-08 -0.00000000000000000e+00 2.79205888509750366e+01 -1.60786181688308716e+02 -8.53589177131652832e+00 1.00000000000000000e+00 16 0 -1 -1 -1 -1 -1 -1 -1 -1 -1 -1 -1 -1 -1 -1 -1 -1 9 52 /home/padeler/work/LevmarIK/model/hand_skinned.bmesh 0 1 0
37 10 thumb.01.R 16 0 5.18561780452728271e-01 -8.09060394763946533e-01 2.76613771915435791e-01 0.00000000000000000e+00 5.48799932003021240e-01 5.63015460968017578e-01 6.17925763130187988e-01 0.00000000000000000e+00 -6.55677020549774170e-01 -1.68627083301544189e-01 7.35970556735992432e-01 0.00000000000000000e+00 2.49536503106355667e+01 2.45662443339824677e+01 4.44448832422494888e+00 1.00000000000000000e+00 16 0 -1 -1 -1 -1 -1 -1 -1 -1 -1 -1 -1 -1 -1 -1 -1 -1 9 0  1 1 0
38 14 thumb.01.R_rot 3 0 0.00000000000000000e+00 0.00000000000000000e+00 0.00000000000000000e+00 3 0 19 -1 20 1 0  2 1 0
39 14 thumb.01.R_m2b 16 0 4.44157898426055908e-01 6.26804471015930176e-01 -6.40187442302703857e-01 -0.00000000000000000e+00 -2.48912692070007324e-01 -6.00079178810119629e-01 -7.60228633880615234e-01 0.00000000000000000e+00 -8.60677897930145264e-01 4.97012257575988770e-01 -1.10510408878326416e-01 -0.00000000000000000e+00 5.70615287870168686e+00 -3.02721057087182999e+01 1.72330625355243683e+01 1.00000000000000000e+00 16 0 -1 -1 -1 -1 -1 -1 -1 -1 -1 -1 -1 -1 -1 -1 -1 -1 9 52 /home/padeler/work/LevmarIK/model/hand_skinned.bmesh 0 1 0
40 10 thumb.02.R 16 0 5.18783330917358398e-01 3.22493493556976318e-01 7.91746079921722412e-01 0.00000000000000000e+00 -3.33420962095260620e-01 9.29106771945953369e-01 -1.59972548484802246e-01 0.00000000000000000e+00 -7.87206768989562988e-01 -1.80993646383285522e-01 5.89531302452087402e-01 0.00000000000000000e+00 4.65661287307739258e-06 3.16911004483699799e+01 -1.39698386192321777e-06 1.00000000000000000e+00 16 0 -1 -1 -1 -1 -1 -1 -1 -1 -1 -1 -1 -1 -1 -1 -1 -1 9 0  1 1 0
41 14 thumb.02.R_rot 3 0 0.00000000000000000e+00 0.00000000000000000e+00 0.00000000000000000e+00 3 0 21 -1 -1 1 0  2 1 0
42 14 thumb.02.R_m2b 16 0 -7.43037387728691101e-02 5.36688983440399170e-01 -8.40501904487609863e-01 -0.00000000000000000e+00 -9.24561321735382080e-01 -3.52929145097732544e-01 -1.43622145056724548e-01 0.00000000000000000e+00 -3.73718351125717163e-01 7.66424059867858887e-01 5.22425889968872070e-01 -0.00000000000000000e+00 -3.37826600298285484e+00 -6.22297860682010651e+01 1.68824512511491776e+01 1.00000000000000000e+00 16 0 -1 -1 -1 -1 -1 -1 -1 -1 -1 -1 -1 -1 -1 -1 -1 -1 9 52 /home/padeler/work/LevmarIK/model/hand_skinned.bmesh 0 1 0
43 10 thumb.03.R 16 0 9.99760508537292480e-01 -1.63591913878917694e-02 -1.45247988402843475e-02 0.00000000000000000e+00 1.73584558069705963e-02 9.97284233570098877e-01 7.15730041265487671e-02 0.00000000000000000e+00 1.33144557476043701e-02 -7.18080103397369385e-02 9.97329473495483398e-01 0.00000000000000000e+00 -4.65661287307739258e-07 3.81900556385517120e+01 2.79396772384643555e-06 1.00000000000000000e+00 16 0 -1 -1 -1 -1 -1 -1 -1 -1 -1 -1 -1 -1 -1 -1 -1 -1 9 0  1 1 0
44 14 thumb.03.R_rot 3 0 0.00000000000000000e+00 0.00000000000000000e+00 0.00000000000000000e+00 3 0 22 -1 -1 1 0  2 1 0
45 14 thumb.03.R_m2b 16 0 -7.08576589822769165e-02 4.73784565925598145e-01 -8.77785503864288330e-01 -0.00000000000000000e+00 -9.16480541229248047e-01 -3.78299266099929810e-01 -1.30205541849136353e-01 0.00000000000000000e+00 -3.93755167722702026e-01 7.95247197151184082e-01 4.61019665002822876e-01 -0.00000000000000000e+00 -1.97988422587513924e+00 -9.89974662661552429e+01 2.40033380687236786e+01 1.00000000000000000e+00 16 0 -1 -1 -1 -1 -1 -1 -1 -1 -1 -1 -1 -1 -1 -1 -1 -1 9 52 /home/padeler/work/LevmarIK/model/hand_skinned.bmesh 0 1 0
46 14 thumb.03.R.001 16 0 -7.08576738834381104e-02 4.73784506320953369e-01 -8.77785682678222656e-01 0.00000000000000000e+00 -3.93755048513412476e-01 7.95247077941894531e-01 4.61019605398178101e-01 0.00000000000000000e+00 9.16480422019958496e-01 3.78299355506896973e-01 1.30205690860748291e-01 0.00000000000000000e+00 1.39698386192321777e-06 2.47499663382768631e+01 -9.31322574615478516e-07 1.00000000000000000e+00 16 0 -1 -1 -1 -1 -1 -1 -1 -1 -1 -1 -1 -1 -1 -1 -1 -1 9 0  1 1 0
47 18 thumb.03.R.001_m2b 16 0 9.99999880790710449e-01 1.19209275339926535e-07 5.96046341172495886e-08 -0.00000000000000000e+00 -8.94069600576585799e-08 1.89989833643267048e-07 -1.00000011920928955e+00 0.00000000000000000e+00 -4.99600403432967806e-15 1.00000011920928955e+00 -5.58793651350697473e-08 -0.00000000000000000e+00 -7.95591026544570923e+01 -8.65641757845878601e+01 -4.55027110874652863e+01 1.00000000000000000e+00 16 0 -1 -1 -1 -1 -1 -1 -1 -1 -1 -1 -1 -1 -1 -1 -1 -1 9 52 /home/padeler/work/LevmarIK/model/hand_skinned.bmesh 0 1 0
48 12 f_index.01.R 16 0 9.33493733406066895e-01 -1.37373656034469604e-01 3.31237047910690308e-01 0.00000000000000000e+00 1.23981490731239319e-01 9.90387082099914551e-01 6.13371841609477997e-02 0.00000000000000000e+00 -3.36478918790817261e-01 -1.61906220018863678e-02 9.41551864147186279e-01 0.00000000000000000e+00 2.54517830908298492e+01 8.93787518143653870e+01 -2.10339366458356380e+00 1.00000000000000000e+00 16 0 -1 -1 -1 -1 -1 -1 -1 -1 -1 -1 -1 -1 -1 -1 -1 -1 9 0  1 1 0
49 16 f_index.01.R_rot 3 0 0.00000000000000000e+00 0.00000000000000000e+00 0.00000000000000000e+00 3 0 23 -1 24 1 0  2 1 0
50 16 f_index.01.R_m2b 16 0 9.26938712596893311e-01 2.26166844367980957e-01 -2.99387812614440918e-01 -0.00000000000000000e+00 -2.92423278093338013e-01 -6.45123794674873352e-02 -9.54110383987426758e-01 0.00000000000000000e+00 -2.35102444887161255e-01 9.71949934959411621e-01 6.33730273693799973e-03 -0.00000000000000000e+00 -1.07840793207287788e+01 -9.15460810065269470e+01 1.19915427640080452e+01 1.00000000000000000e+00 16 0 -1 -1 -1 -1 -1 -1 -1 -1 -1 -1 -1 -1 -1 -1 -1 -1 9 52 /home/padeler/work/LevmarIK/model/hand_skinned.bmesh 0 1 0
51 12 f_index.02.R 16 0 9.79103147983551025e-01 3.30032259225845337e-02 -2.00668334960937500e-01 0.00000000000000000e+00 7.73940235376358032e-03 9.79981899261474609e-01 1.98936447501182556e-01 0.00000000000000000e+00 2.03216806054115295e-01 -1.96332365274429321e-01 9.59247887134552002e-01 0.00000000000000000e+00 -2.47382558882236481e-07 2.68096104264259338e+01 -5.82076609134674072e-08 1.00000000000000000e+00 16 0 -1 -1 -1 -1 -1 -1 -1 -1 -1 -1 -1 -1 -1 -1 -1 -1 9 0  1 1 0
52 16 f_index.02.R_rot 3 0 -1.98342604562640190e-08 9.31322574615478516e-10 -9.31322574615478516e-10 3 0 25 -1 -1 1 0  2 1 0
53 16 f_index.02.R_m2b 16 0 9.75110530853271484e-01 1.69254213571548462e-01 -1.43221423029899597e-01 -0.00000000000000000e+00 -9.69820022583007812e-02 -2.55291491746902466e-01 -9.61987912654876709e-01 0.00000000000000000e+00 -1.99383765459060669e-01 9.51934456825256348e-01 -2.32522964477539062e-01 -0.00000000000000000e+00 -1.68711673468351364e+01 -1.13684326410293579e+02 3.25484089553356171e+01 1.00000000000000000e+00 16 0 -1 -1 -1 -1 -1 -1 -1 -1 -1 -1 -1 -1 -1 -1 -1 -1 9 52 /home/padeler/work/LevmarIK/model/hand_skinned.bmesh 0 1 0
54 12 f_index.03.R 16 0 9.87482964992523193e-01 -7.42267072200775146e-03 1.57550632953643799e-01 0.00000000000000000e+00 2.14019417762756348e-03 9.99430716037750244e-01 3.36720608174800873e-02 0.00000000000000000e+00 -1.57710850238800049e-01 -3.29133644700050354e-02 9.86936748027801514e-01 0.00000000000000000e+00 1.97906047105789185e-06 2.40588970482349396e+01 0.00000000000000000e+00 1.00000000000000000e+00 16 0 -1 -1 -1 -1 -1 -1 -1 -1 -1 -1 -1 -1 -1 -1 -1 -1 9 0  1 1 0
55 16 f_index.03.R_rot 3 0 2.98023223876953125e-08 2.79396772384643555e-09 -9.31322574615478516e-10 3 0 26 -1 -1 1 0  2 1 0
56 16 f_index.03.R_m2b 16 0 9.39084172248840332e-01 1.66422203183174133e-01 -3.00706744194030762e-01 -0.00000000000000000e+00 -2.45434924960136414e-01 -2.87745743989944458e-01 -9.25723493099212646e-01 0.00000000000000000e+00 -2.40588128566741943e-01 9.43136096000671387e-01 -2.29371815919876099e-01 -0.00000000000000000e+00 -1.05095477774739265e+01 -1.36604920029640198e+02 3.93175780773162842e+01 1.00000000000000000e+00 16 0 -1 -1 -1 -1 -1 -1 -1 -1 -1 -1 -1 -1 -1 -1 -1 -1 9 52 /home/padeler/work/LevmarIK/model/hand_skinned.bmesh 0 1 0
57 16 f_index.03.R.001 16 0 9.39084291458129883e-01 1.66422232985496521e-01 -3.00706773996353149e-01 0.00000000000000000e+00 -2.40588173270225525e-01 9.43136096000671387e-01 -2.29371860623359680e-01 0.00000000000000000e+00 2.45434850454330444e-01 2.87745922803878784e-01 9.25723433494567871e-01 0.00000000000000000e+00 1.86264514923095703e-06 2.46616564691066742e+01 1.86264514923095703e-06 1.00000000000000000e+00 16 0 -1 -1 -1 -1 -1 -1 -1 -1 -1 -1 -1 -1 -1 -1 -1 -1 9 0  1 1 0
58 20 f_index.03.R.001_m2b 16 0 9.99999880790710449e-01 -2.23517400144146450e-08 -1.33226752367106944e-15 -0.00000000000000000e+00 -2.98023117295542761e-08 2.08616256713867188e-07 -1.00000000000000000e+00 0.00000000000000000e+00 2.98023188349816337e-08 1.00000000000000000e+00 5.96046447753906250e-08 -0.00000000000000000e+00 -4.85307574272155762e+01 -1.58586248755455017e+02 -1.25860217958688736e+01 1.00000000000000000e+00 16 0 -1 -1 -1 -1 -1 -1 -1 -1 -1 -1 -1 -1 -1 -1 -1 -1 9 52 /home/padeler/work/LevmarIK/model/hand_skinned.bmesh 0 1
